3888.648
#3964.7289
#4120.815
#4158.5907
4713.1455
4921.931
5015.6779
5764.4188
5852.4878
5875.621
5944.8342
5975.534
#6043.2233
6074.3377
6096.1631
6128.4499
6143.0626
6163.5939
6266.495
6304.789
6334.4278
6506.5281
6532.8822
6598.9529
6717.043
6965.4307
7032.4131
7024.0504
7173.9381
7245.1666
7272.9359
7281.349
7383.9805
7488.8712
7503.8691
7514.6518
7535.7739
7544.0443
7635.106
8103.6931
8115.311
8264.5225
8377.6065
8408.2096
8424.6475
8495.3598
8521.4422
8591.2583
8634.647
8654.3831
8667.9442
9122.9674
9224.4992
4471.479
5047.738
6217.2812
6382.9917
6402.246
7948.1764
8006.1567
8014.7857
9354.2198
9657.7863
9784.5028
